00000000010000000000000000000000
00100100000001010000000000000000
00111100000000010001000000000001
00110100001010010000000000000000
00100100000000100000000000000100
00111100000000010001000000000001
00110100001001000000000011010000
00000000000000000000000000001100
00100100000000100000000000000001
00100000101001000000000000000001
00000000000000000000000000001100
00100100000000100000000000000100
00111100000000010001000000000001
00110100001001000000000010010000
00000000000000000000000000001100
00100100000000100000000000000101
00000000000000000000000000001100
10101101001000100000000000000000
00100000101001010000000000000001
00100001001010010000000000000100
00100100000011010000000000001100
00010100101011010000000000010000
00100100000000100000000000000100
00111100000000010001000000000001
00110100001001000000000011100001
00000000000000000000000000001100
00100100000000100000000000000001
00100100000001000000000000001100
00000000000000000000000000001100
00100100000000100000000000000100
00111100000000010001000000000001
00110100001001000000000011101001
00000000000000000000000000001100
00100100000000100000000000001011
00100100000001000000000000001010
00000000000000000000000000001100
00100100000000110000000001101110
00001000000100000000000000101100
00100100000000100000000000000100
00111100000000010001000000000001
00110100001001000000000011111010
00000000000000000000000000001100
00100100000000100000000000001100
00000000000000000000000000001100
00000000000000100001100000100001
00100100000011010000000001101110
00010000011011010000000000000010
00100100000011010000000001001110
00010100011011011111111111010011
00100100000000100000000000000100
00111100000000010001000000000001
00110100001001000000000010010011
00000000000000000000000000001100
00111100000000010001000000000001
00110100001010010000000000000000
00111100000000010001000000000001
00110100001011010000000000000000
00000000000001011100000010000000
00000011000011011100000000100000
00001000000100000000000001001011
00100011000011011111111111111100
00010101001011010000000000000111
00100100000000100000000000000001
10001101001001000000000000000000
00000000000000000000000000001100
00100100000000100000000000001011
00100100000001000000000000001010
00000000000000000000000000001100
00001000000100000000000001001010
00100100000000100000000000000001
10001101001001000000000000000000
00000000000000000000000000001100
00100100000000100000000000001011
00100100000001000000000000100000
00000000000000000000000000001100
00100001001010010000000000000100
00000001001110000000100000101010
00010100001000001111111111101110
00111100000000010001000000000001
00110100001010010000000000000000
00111100000000010001000000000001
00110100001010100000000000110000
00100100000001100000000000000000
00001000000100000000000001011000
10001101001011010000000000000000
10101101010011010000000000000000
00100001001010010000000000000100
00100001010010100000000000000100
00100000110001100000000000000001
00000001001110000000100000101010
00010100001000001111111111111001
00111100000000010001000000000001
00110100001010100000000000110000
00111100000000010001000000000001
00110100001011010000000000110000
00000000000001101100100010000000
00000011001011011100100000100000
00001000000100000000000001110100
10001101010011000000000000000000
00100001010100100000000000000100
00001000000100000000000001110001
10001110010011010000000000000000
00010101101011000000000000001010
00100010010011100000000000000100
00001000000100000000000001101011
10001101110011010000000000000000
10101101110011011111111111111100
00100001110011100000000000000100
00000001110110010000100000101010
00010100001000001111111111111011
00100000110001101111111111111111
00100011001110011111111111111100
00100010010100101111111111111100
00100010010100100000000000000100
00000010010110010000100000101010
00010100001000001111111111110001
00100001010010100000000000000100
00000001010110010000100000101010
00010100001000001111111111101011
00100100000001110000000000000000
00111100000000010001000000000001
00110100001010110000000001100000
00111100000000010001000000000001
00110100001010010000000000000000
00001000000100000000000010010011
10001101001011010000000000000000
10101101011011010000000000000000
00100000111001110000000000000001
00100001011010110000000000000100
10001101001011000000000000000000
00100100000011110000000000000000
00100001001100010000000000000100
00001000000100000000000010001101
10001110001011010000000000000000
00010101101011000000000000000010
00100001111011110000000000000001
00001000000100000000000010001100
10001110001011010000000000000000
00000000000011111001100010000000
00000010001100111001100000100010
10101110011011010000000000000000
00100010001100010000000000000100
00000010001110000000100000101010
00010100001000001111111111110101
00000000101011110010100000100010
00000000000011110110100010000000
00000011000011011100000000100010
00100001001010010000000000000100
00000001001110000000100000101010
00010100001000001111111111100111
00100100000000100000000000000100
00111100000000010001000000000001
00110100001001000000000010100011
00000000000000000000000000001100
00111100000000010001000000000001
00110100001010010000000000000000
00001000000100000000000010101100
00100011000011011111111111111100
00010101001011010000000000000111
00100100000000100000000000000001
10001101001001000000000000000000
00000000000000000000000000001100
00100100000000100000000000001011
00100100000001000000000000001010
00000000000000000000000000001100
00001000000100000000000010101011
00100100000000100000000000000001
10001101001001000000000000000000
00000000000000000000000000001100
00100100000000100000000000001011
00100100000001000000000000100000
00000000000000000000000000001100
00100001001010010000000000000100
00000001001110000000100000101010
00010100001000001111111111101110
00100100000000100000000000000100
00111100000000010001000000000001
00110100001001000000000010110010
00000000000000000000000000001100
00111100000000010001000000000001
00110100001010100000000000110000
00001000000100000000000011000101
00100011001011011111111111111100
00010101010011010000000000000111
00100100000000100000000000000001
10001101010001000000000000000000
00000000000000000000000000001100
00100100000000100000000000001011
00100100000001000000000000001010
00000000000000000000000000001100
00001000000100000000000011000100
00100100000000100000000000000001
10001101010001000000000000000000
00000000000000000000000000001100
00100100000000100000000000001011
00100100000001000000000000100000
00000000000000000000000000001100
00100001010010100000000000000100
00000001010110010000100000101010
00010100001000001111111111101110
00100100000000100000000000000100
00111100000000010001000000000001
00110100001001000000000011000001
00000000000000000000000000001100
00111100000000010001000000000001
00110100001010110000000001100000
00111100000000010001000000000001
00110100001010000000000001100000
00000000000001110110100010000000
00000001000011010100000000100000
00001000000100000000000011100010
00100001000011011111111111111100
00010101011011010000000000000111
00100100000000100000000000000001
10001101011001000000000000000000
00000000000000000000000000001100
00100100000000100000000000001011
00100100000001000000000000001010
00000000000000000000000000001100
00001000000100000000000011100001
00100100000000100000000000000001
10001101011001000000000000000000
00000000000000000000000000001100
00100100000000100000000000001011
00100100000001000000000000100000
00000000000000000000000000001100
00100001011010110000000000000100
00000001011010000000100000101010
00010100001000001111111111101110
00100100000001000000000000001010
00000000000000000000000000001100
00100100000000100000000000000100
00111100000000010001000000000001
00110100001001000000000100101000
00000000000000000000000000001100
00100100000000100000000000001100
00000000000000000000000000001100
00000000000000100001100000100001
00100100000000100000000000001011
00100100000001000000000000001010
00000000000000000000000000001100
00100100000011010000000001101110
00010000011011010000000000000010
00100100000011010000000001001110
00010100011011011111111100001100
00100100000000100000000000000100
00111100000000010001000000000001
00110100001001000000000101010110
00000000000000000000000000001100
00100100000000100000000000001011
00100100000001000000000000001010
00000000000000000000000000001100
00100100000000100000000000000100
00111100000000010001000000000001
00110100001001000000000101110111
00000000000000000000000000001100
00100100000000100000000000001011
00100100000001000000000000001010
00000000000000000000000000001100
00100100000000100000000000000100
00111100000000010001000000000001
00110100001001000000000101010110
00000000000000000000000000001100
00100100000000100000000000001011
00100100000001000000000000001010
00000000000000000000000000001100
00100100000000100000000000001010
00000000000000000000000000001100
