00000000010000000000000000000000
00100100000000100000000000000100
00111100000000010001000000000001
00110100001001000000000000010000
00000000000000000000000000001100
00111100000000010001000000000001
00110100001010000000000000000000
00100100000000100000000000000001
10001101000001000000000000000000
00000000000000000000000000001100
00100100000000100000000000001011
00100100000001000000000000100000
00000000000000000000000000001100
00100100000000100000000000000001
10001101000001000000000000000100
00000000000000000000000000001100
00100100000000100000000000001011
00100100000001000000000000100000
00000000000000000000000000001100
00100100000000100000000000000001
10001101000001000000000000001000
00000000000000000000000000001100
00100100000000100000000000001011
00100100000001000000000000100000
00000000000000000000000000001100
00100100000000100000000000000001
10001101000001000000000000001100
00000000000000000000000000001100
00100100000000100000000000001011
00100100000001000000000000001010
00000000000000000000000000001100
10001101000011000000000000000000
10001101000010010000000000001100
10101101000010010000000000000000
10101101000011000000000000001100
10001101000010110000000000000100
10001101000010100000000000001000
10101101000010100000000000000100
10101101000010110000000000001000
00100100000000100000000000000100
00111100000000010001000000000001
00110100001001000000000001000110
00000000000000000000000000001100
00100100000000100000000000000001
10001101000001000000000000001100
00000000000000000000000000001100
00100100000000100000000000001011
00100100000001000000000000100000
00000000000000000000000000001100
00100100000000100000000000000001
10001101000001000000000000001000
00000000000000000000000000001100
00100100000000100000000000001011
00100100000001000000000000100000
00000000000000000000000000001100
00100100000000100000000000000001
10001101000001000000000000000100
00000000000000000000000000001100
00100100000000100000000000001011
00100100000001000000000000100000
00000000000000000000000000001100
00100100000000100000000000000001
10001101000001000000000000000000
00000000000000000000000000001100
00100100000000100000000000001010
00000000000000000000000000001100
