00000000010000000000000000000000
00100100000000100000000000000100
00111100000000010001000000000001
00110100001001000000000000010000
00000000000000000000000000001100
00100100000000100000000000000101
00000000000000000000000000001100
00000000000000100100100000100001
00100100000000100000000000000100
00111100000000010001000000000001
00110100001001000000000000101001
00000000000000000000000000001100
00100100000000100000000000000001
00000000000010010010000000100001
00000000000000000000000000001100
00100100000000100000000000001011
00100100000001000000000000001010
00000000000000000000000000001100
00100100000000100000000000000100
00111100000000010001000000000001
00110100001001000000000001000010
00000000000000000000000000001100
00100100000000100000000000001000
00111100000000010001000000000001
00110100001001000000000000000000
00100100000001010000000000010000
00000000000000000000000000001100
00100100000000100000000000000100
00111100000000010001000000000001
00110100001001000000000001110110
00000000000000000000000000001100
00111100000000010001000000000001
00110100001001000000000000000000
00000000000000000000000000001100
00100100000000100000000000000100
00111100000000010001000000000001
00110100001001000000000010001110
00000000000000000000000000001100
00100100000000100000000000001100
00000000000000000000000000001100
00000000000000100100100000100001
00100100000000100000000000000100
00111100000000010001000000000001
00110100001001000000000010101001
00000000000000000000000000001100
00100100000000100000000000001011
00000000000010010010000000100001
00000000000000000000000000001100
00100100000000100000000000001010
00000000000000000000000000001100
